$ANSIBLE_VAULT;1.1;AES256
36396333343733376437333930626463386530333036346563343035393263646562613135653830
6361393536623439616231303532613438303563393339340a306236613066346665633662633630
61383064326331636132303863363735656264356534633531343338313535316336653064653561
6664633235663739320a656130323537356230663935623533353738303436653133626533366430
33343734313432323965326262666236313232383833326138626266323835366466383030646438
30323436383563336137656437636239626265346665363765366662313664353435393866616339
39663263636266323838623531376639383031376538646264663636613633313633386262633835
39633139666432323963326634626566663266386561346233343531313634636266623832393534
36303131373161616639623430653161313732663735613266653932326531346130353633633135
34646137376332643733333763633139386136393663363139336561383464653334633833353931
35346362303236386364653166353963623263336364393365393035333966316531386434623035
32373035623761613236373164306334313137666431346166353962363231373362646231376436
38393738376431313966626366346561333833613433626131343032633733383934363935653630
31303831366530363266646562306430353731386331393536626435393734653137343566663435
63313562313366616361643064323163336631386565376237373535303839643636396138353264
34386439636633376430356566373865653162386135646237353630626536363762633230336338
37376262636539663962353138326530646137376564663964333665313736373438313266643362
30393066633038326335643431626131656164303964643636663064386235313235613432643033
61643838313938316330613765356234363437326434623532353633343466313632386432396261
39633336663639313165366632363661636461393433666164393061343663353434316666386337
34396164653566633534376261643938386566353434653266313835363734363736353536396631
33313232356434613061666434333531616332616165326632626363633235663632363365313963
65653462353765376433366365303532613834313161353237316266393430623261373037323734
31346662643235393730663838383661316338316463313438316535363932373938616463313763
31316333386238393261326661646136623630356465323862343230656436363531333139666261
37653037303664306233336661663165366664333035666330646362346135326661663561313334
39643162663436316133653838303839333764333166636437393636633634323336333064303134
61393138363533333661643163666535333966316162366338386233396438386436373831623635
31373731326234636564663563393165336166316265316466623631366661633031313234363635
30383261303235346566363734363536646164396537393230366638636530303533333831656263
31303932633731393731396363333232666537626334353130303935353265636465396266663933
64623431626363663934373663343534343137633464666130373835396434326136363830376337
39383965653764626430373866653233356564336131666461666463323230626130356538636338
35653639643165653731636661643765323437623937316539343736343861313462393931383866
66623666333038346436626631376638623833303162656161643336636230643034346537383062
62353866316561306634396461373338656430336230373637363435383564383136393837393765
65633830313865313335386533653264346133373166613339643635383332383134616335636138
39656664326233316630316136333232353363303536383230303462646366643265623735383939
62306163363562383165323362313938336236306133616566376665633562623336326664396161
63343038316534666138353532343834316631313966366239343430366265373066333564376365
30626561393336666339333664356439313164363362656334636533643630396534653962633366
66366535613739363735666431336439633263306234666363373862343134393930623265393339
36636438393635343331656465383131626235326430376261636639643539343866363935353535
32666363363135356632393566343764333631396562366466376263646435636639353330373938
65646131396261613336333066666536353634656135316639366530353931623962623239366335
31366261366465363861653030623536383735323961343031333533663837386437386230623935
32376235336537313761336564383934323562633238353663343131656335376164396665646539
30636565356365386437346637316565613331333461373966616436313061323039323739643663
61383861616166613732356335656139306336626336316533306532663066636166643963346231
39373330366536363566366631646162616234633366356362303438653538373031363165366539
64386538373130636534383339363466636338666561386132393163326133663732323930393761
34383538393039326564353766363562363235376531316134306439653263363838373439313033
35636463616231383935393466396164353439393766373234333138616131343565306630303236
36613039346366343662623432353230346536656339303433626639653963663363353965366339
62633133333633333634633538373438643330613137373166346465396136353732666139663933
34346263333631623462343463626434656630656634653533616335346662353539353330326130
33653361323062313763326361343765306133613239356463636332323033346136613236643363
35386630393334643564363433333735383064313961636561363364616330323364356264303664
30343061633563343135663166303662363039386438646136343266653237643564303133313762
31633538646664373236363932646137343936616562646639313039663539346630396664396636
31643637373939313062393464653461343664316163633739346133616539663537393836666335
37366365336632633231393036373030653935356164623266313962366536356638633465313165
61366462353636663661353632636134653563646362643038336262623063366562363438383938
62613233363638633134633062613336346334633030343966316336363736623863306531326536
63316139663566323637303931393463636539663564393430386366373934373164356436326338
37646532396361366136383230393932396362393039346234626537643265643465366131333666
63363631646339333862663465613761663362663936363830656437313363303534386462663538
38653632336662653136333163333032666437313661396232626531643934373737326462323465
39306565663236383166373135353039303233303666313138653236663964336662643064333630
64343263353232663130646566343230306535643466643135333464633764653861396238656361
32353362613235633035383531663764346237363833383662366364373730666262646462383664
37643730656133666631396130393831633833623138303933663938306632383337613165633036
32613635316665616235326437633066663332656633323962616233326238663733353763303161
61303232323637626230366135383432353263623032306132313734363765343937643635663535
64663935303038313861313837316236626230336466373030356439663530303736643633613962
63313932643262393333363662623363333837366337643165333065356361323439666162393464
63656365633261346638613236623031336337313031653736363031636564623962653939633763
66633564333138306266653633636537643430636334623137323934626336623932343463363232
30393962613766303430613037333234343364346162323238666163393538393139383332653939
38656132653265393239623965326336386364663166633837383434313833326430616631316634
61396266353130343631303165616233306335656564636138376434346339626531353961356131
35643235376262386530633238383433376337636636363238393932393737376134303132363363
61386161656163633935366466653231386264633365663832666438646266343663613135383663
66626632353039313561333530353234303632366465343037323063636235646261316431616234
63326263626136396538643265633436383930626363633735366666653236343036626161633863
35306365333238333131666162393064303430633362353830386533333361646432363861396435
38616630653734333065623335626437363438393564333037323339376339636235393434643739
38333362383736306332396432623038646236613135626432663036656436316163343333653161
62626132633839646533376539313430623534343039323763323761616466316533643035333438
62303662653264306265623632636330356566333661356261323666623939393130626334653632
38306136356338656364346237663230326135393764626166633732366331623033396636623136
32656262336637346561336231663464363762346465623837613934656333386565386432303066
34643265633631316430663737316362646561363563656532633130613335656665343639653837
33353265373932333539613232346131663631333261376637653330383639393264643539666461
34353962633537326530326465653436376638656664666132663662383261356533373234373533
33346238346230626634656339353931353065616135373863306533656639313632356366633738
31663434313831376633383065323733356332373362633731343934623630363762636362396231
31663837653331386130616631373961353361306664666164313062366565306232396235303534
66396630666533393864386630363538643966613633383734636266303938626565333162313139
31336334353239383632333635343630316333626338353462356434346630376463623536373261
37636338303736373839376164353038613065623264323064376132333333376231653636303239
61333463643037636133306563326432653537643261333136346462663066346230643737383466
63333038313063613537646138303638646132616666373562343663626232306131656462353834
32386266353439663338313864636230316131343061663735383734376431633266353562653462
36653135306238366662316339663133313036336163613537393032343837616165656534663862
63316266303539346236376265623237663466373562313635326334613566326339643938633138
37386363636232343966396434306364646464393235653737663366633136383061643031353366
39386165333434303764303961353631343863353963663764353137313062336331643539643366
64303638646239383961303666666432633136333963333332373631303230393565313638363438
30333037636339306462383334353538346632356339666666623037373039666566653663663538
61393464623365656436306130363730383865383965353639633264353264396137363434343964
30303837656362373530366334613566386232613565653736653334323934373535656163343761
38323966396439663366666361323964626330343137653465353262396561316339366232386664
37313664343133633532346533616466356465383930653763616432666538323337333765336664
31303663303661663062636134373237306536346163636561363738623931326337343766396437
36333161333366386162626531653733303133363363633432643662326366653434643331353161
65316665353162633864393964623335306531663832366335323032393432363732643935336561
63666638613961306665613464633939643237613263306161393732646138343037393632333531
66343735613338633961383264643135363532623563373239376439353465353333373861303330
65366635353638643737613038386436356535306238373562356462316630313231313761393535
36396432326236343134656335333963363137333132343138366139633936623834336333376265
65666666386637643266313730313562396630383961646132616533626336353438633635623838
36653738326339323964613865363234363538623364393232656439636362613766613166656533
31333531393832613161303033663461393039366235353531333463356663656666626239663936
39613433346262346361613438646361393362383033626334316337373165373633663235636136
37313133353036643638396639663231313761613462653732343332643764653862643930386536
62656136636634636466633837336135393436333963343066626461623738343664623535663739
64366262336663326634383863303030306237313131303737653462656239393931393066313865
65393031396137633038303933613365386566316337646365373964613766663361646565303033
30613565323332333837633631643064326338623831303361336633303237343736393666363564
62303562386230356537333834393433613762363965326533303430633833633336663838636533
32666134343765303630303338313662646364316635306234373162303462636632333361316562
34306534353837383862653037353436393765653639626464346631383764633730326634366365
30363536646338376162393933613065383531636331636330373466363133303133366163333838
34346561396635653535623034646436333934623836613838343731623732306235646435393936
65343434633231613566343464303833306233663735653031316637396264333738373037316538
62333366333836346537353936643438363261643266656363316136313830383136363237646464
34323861353934336566306632343731373936363833373561636137376565666532333461313463
316535306361663036363139626233386637
